1,1618,0.160
1,2941,0.217
2,333,0.224
3,1445,0.227
3,2946,0.180
4,2063,0.208
5,512,0.219
5,543,0.185
6,503,0.205
7,3130,0.224
8,3523,0.974
9,3561,0.227
10,92,0.683
10,1033,0.426
10,1815,0.210
10,3466,0.899
11,854,0.154
12,3535,0.167
13,1487,0.227
13,2213,0.227
14,668,0.167
15,2354,0.218
16,2795,0.223
17,771,0.199
18,159,0.226
18,3447,0.213
19,282,0.227
20,360,0.224
20,426,0.196
21,1054,0.227
22,1887,0.227
22,2579,0.227
23,562,0.938
23,3087,0.356
24,1774,0.227
25,1259,0.201
26,1409,0.227
27,2965,0.227
28,632,0.171
29,2543,0.215
30,488,0.160
30,509,0.195
30,2642,0.217
30,3607,0.160
31,1776,0.191
31,3709,0.191
32,2386,0.226
33,1298,0.196
34,927,0.215
35,2874,0.217
36,447,0.171
37,2692,0.227
38,3055,0.224
39,3295,0.227
40,236,0.307
40,260,0.185
41,323,0.185
42,427,0.210
43,2003,0.188
44,124,0.625
45,2162,0.183
46,2397,0.674
46,3644,0.196
47,560,0.196
48,1112,0.227
49,1079,0.227
50,1380,0.185
50,2795,0.223
51,396,0.174
51,1564,0.249
52,3437,0.185
53,508,0.213
53,3624,0.174
54,427,0.210
55,284,0.227
56,231,0.180
57,1686,0.154
57,3039,0.171
58,1266,0.151
58,1350,0.151
58,1946,0.633
58,2066,0.213
58,2084,0.213
58,2814,0.900
58,3270,0.151
59,2921,0.167
60,178,0.227
61,146,0.208
61,1470,0.219
61,3706,0.227
62,3066,0.180
63,1213,0.196
63,2043,0.201
64,2980,0.227
65,1992,0.998
65,2461,0.247
65,2732,0.994
66,768,0.185
66,2782,0.207
67,1808,0.227
67,1994,0.717
68,751,0.916
68,1260,0.218
69,276,0.997
70,2292,0.202
71,496,0.191
71,3474,0.213
72,1457,0.226
72,3427,0.205
73,2302,0.185
73,3702,0.207
74,664,0.633
75,1063,0.215
76,2900,0.205
76,3397,0.185
77,2390,0.227
77,3543,0.191
78,2731,0.160
79,719,0.185
79,3550,0.227
80,3546,0.171
81,2617,0.999
82,446,0.191
82,1104,0.191
82,3392,0.191
82,3438,0.191
82,3642,0.191
83,1884,0.249
83,2336,0.188
83,2418,0.188
83,2460,0.157
83,2992,0.224
83,3572,0.188
84,3079,0.208
85,645,0.171
85,951,0.288
86,210,0.201
87,1166,0.227
88,2013,0.213
88,3036,0.853
88,3222,0.271
88,3272,0.530
88,3743,0.235
89,919,0.213
89,2252,0.218
90,2429,0.227
91,1028,0.208
91,3529,0.213
92,160,0.195
92,1257,0.191
92,1332,0.188
92,2001,0.999
92,2966,0.191
92,2994,0.168
93,1650,0.227
94,339,0.208
95,1016,0.174
96,1100,0.208
97,822,0.673
97,940,0.287
97,946,0.224
98,2543,0.853
98,2858,0.193
99,152,0.930
99,391,0.190
99,873,0.162
99,977,0.180
99,1609,0.180
99,2772,0.168
99,3699,0.681
100,475,0.205
100,1470,0.677
101,2139,0.994
101,3070,0.252
102,643,0.187
102,917,0.187
102,2323,0.196
103,208,0.177
103,343,0.307
103,345,0.307
103,647,0.168
103,1555,0.307
103,2244,0.307
103,2596,0.307
103,2874,0.307
104,400,0.216
105,2484,0.191
106,841,0.227
106,1018,0.207
107,1562,0.224
108,1090,0.291
109,313,0.312
110,2508,0.180
110,3009,0.221
111,493,0.227
111,1149,0.227
111,1344,0.210
111,1551,0.210
112,1423,0.154
112,2975,0.221
113,686,0.227
113,2316,0.226
114,1131,0.201
115,2266,0.202
115,2303,0.196
115,2966,0.202
116,1717,0.162
117,151,0.196
118,3577,0.226
119,3465,0.163
120,3636,0.193
121,2979,0.227
122,1058,0.975
122,2730,0.307
122,3070,0.269
122,3103,0.208
122,3447,0.151
123,1745,0.947
123,2316,0.208
123,2438,0.205
124,280,0.625
124,408,0.774
124,467,0.625
124,624,0.625
124,628,0.625
124,699,0.655
124,816,0.625
124,931,0.625
124,1154,0.625
124,1292,0.625
124,1293,0.635
124,1428,0.625
124,1439,0.639
124,1641,0.625
124,2052,0.641
124,2076,0.625
124,2161,0.677
124,2414,0.625
124,2757,0.625
124,2767,0.625
124,2925,0.625
124,2987,0.635
124,3032,0.625
124,3153,0.639
124,3225,0.625
124,3674,0.625
125,2456,0.191
125,2772,0.243
126,1573,0.171
127,316,0.201
128,2890,0.198
129,759,0.226
130,3681,0.199
131,628,0.986
132,1370,0.325
132,2166,0.819
133,277,0.547
133,1833,0.193
134,323,0.185
135,1842,0.208
136,1553,0.205
136,3128,0.227
137,353,0.305
137,3233,0.191
138,1072,0.224
138,3724,0.288
139,590,0.809
139,1439,0.173
140,274,0.215
140,1597,0.188
140,2724,0.221
141,2036,0.208
142,3743,0.205
143,3654,0.193
144,3581,0.227
145,1627,0.185
146,1315,0.218
146,2035,0.227
147,679,0.154
148,1920,0.215
148,3018,0.221
149,767,0.151
150,3098,0.227
151,2116,0.174
151,2125,0.174
152,179,0.530
152,477,0.165
152,607,0.352
152,720,0.180
152,873,0.185
152,931,0.593
152,1198,0.991
152,1252,0.191
152,2158,0.764
152,2369,0.203
152,2682,0.165
152,2994,0.312
152,3023,0.979
152,3699,0.920
153,2461,0.191
154,3296,0.227
155,2963,0.219
156,981,0.227
157,1116,0.231
158,1827,0.307
158,1924,0.198
159,630,0.174
159,1482,0.174
160,184,0.191
160,3439,0.191
161,1100,0.988
162,888,0.198
162,2428,0.219
162,3369,0.151
163,1328,0.226
164,431,0.213
165,1096,0.187
165,2966,0.187
166,2675,0.167
167,758,0.187
168,931,0.168
168,1519,0.184
168,2934,0.198
169,2994,0.993
170,567,0.573
170,3319,0.193
171,2548,0.740
172,302,0.152
173,425,0.185
173,621,0.162
173,2532,0.307
173,2718,0.185
173,3288,0.351
173,3626,0.218
174,893,0.191
174,1641,0.191
174,1720,0.191
175,1375,0.207
175,2391,0.969
176,434,0.227
177,1805,0.224
177,2606,0.167
178,2599,0.212
180,1735,0.299
180,2014,0.228
181,1085,0.201
182,269,0.942
182,725,0.191
182,3096,0.897
183,212,0.434
183,873,0.201
183,2049,0.159
184,431,0.191
184,1396,0.191
184,2156,0.191
184,2681,0.191
185,417,0.224
185,2614,0.167
186,588,0.227
187,257,0.193
188,2013,0.990
189,388,0.210
190,923,0.217
190,1411,0.279
190,1560,0.160
190,2175,0.980
190,2245,0.285
191,1616,0.212
192,2961,0.227
193,1386,0.227
194,1055,0.215
195,805,0.224
195,1217,0.177
195,2272,0.213
195,3290,0.201
196,2678,0.185
197,1225,0.174
197,3478,0.226
198,442,0.215
199,2163,0.167
200,953,0.227
201,3346,0.411
202,863,0.208
202,1539,0.154
202,2450,0.180
202,3534,0.201
203,1283,0.160
203,1675,0.215
204,917,0.219
205,455,0.219
205,752,0.207
205,2009,0.975
206,500,0.219
206,1251,0.675
206,2604,0.207
207,1873,0.212
209,1223,0.881
209,1229,0.788
210,1522,0.207
210,2433,0.162
211,1015,0.210
212,326,0.224
212,1295,0.224
212,2049,0.612
212,3338,0.224
213,2958,0.154
214,360,0.201
214,784,0.829
214,1805,0.224
215,308,0.292
215,1642,0.174
215,1751,0.167
215,1864,0.191
215,2257,0.975
216,521,0.201
216,860,0.977
216,2525,0.227
217,2548,0.871
218,2539,0.914
219,907,0.185
219,1999,0.207
219,2094,0.185
219,2170,0.185
219,2629,0.227
220,3257,0.193
221,2619,0.224
222,3653,0.162
223,776,0.167
224,2325,0.279
225,499,0.227
226,2104,0.957
226,2630,0.926
227,508,0.213
227,2753,0.199
228,1912,0.171
229,1672,0.156
229,2059,0.221
229,3646,0.221
229,3664,0.301
230,2415,0.180
231,1842,0.215
232,2025,0.174
232,3009,0.199
233,3274,0.180
234,2001,0.283
234,2173,0.191
235,2984,0.151
237,482,0.151
237,648,0.219
237,1216,0.213
237,1570,0.213
237,1647,0.185
238,3242,0.205
239,641,0.218
240,3017,0.177
241,2478,0.191
242,1496,0.828
243,3471,0.226
244,1274,0.191
244,1709,0.985
244,2298,0.738
245,416,0.388
245,1134,0.974
245,1146,0.195
245,1937,0.195
245,2290,0.565
245,2691,0.997
245,3278,0.272
246,530,0.217
246,1667,0.195
246,3253,0.217
247,616,0.227
247,3559,0.208
248,974,0.187
248,1085,0.215
249,2244,0.191
249,2548,0.191
250,2874,0.217
251,3630,0.193
252,3544,0.201
253,311,0.227
254,1430,0.157
254,1441,0.235
254,3693,0.157
255,994,0.227
256,1528,0.213
256,3286,0.227
257,977,0.221
257,2915,0.227
258,1897,0.167
258,3249,0.188
258,3380,0.188
259,1570,0.174
260,2650,0.213
260,2886,0.198
261,2959,0.227
262,2732,0.191
263,3215,0.167
264,1772,0.201
265,2769,0.188
266,3605,0.218
267,1315,0.188
268,2083,0.167
268,2121,0.191
270,322,0.174
270,2138,0.154
270,2567,0.171
270,2576,0.168
270,3000,0.191
270,3469,0.191
271,1837,0.418
271,2772,0.283
271,2974,0.215
272,1678,0.864
272,2045,0.975
272,3710,0.193
273,929,0.408
274,3715,0.162
275,3654,0.193
276,2541,0.226
277,2388,0.208
277,3032,0.223
277,3578,0.680
278,1664,0.188
279,1950,0.221
280,1075,0.207
281,1193,0.201
283,1407,0.167
285,1481,0.195
286,615,0.227
287,2303,0.167
288,2731,0.217
289,2877,0.243
289,3357,0.157
290,487,0.167
291,1772,0.201
291,2484,0.191
292,2852,0.193
292,3097,0.205
293,1463,0.191
294,781,0.305
294,2005,0.157
294,2447,0.157
294,3226,0.270
295,1677,0.210
296,1965,0.207
297,1066,0.198
298,539,0.183
298,1655,0.227
299,1544,0.199
300,388,0.210
301,3733,0.196
302,932,0.160
302,1843,0.227
302,3486,0.153
302,3639,0.999
302,3658,0.227
303,1325,0.205
304,2466,0.210
305,717,0.227
305,3536,0.479
306,2284,0.196
307,2081,0.307
308,2082,0.172
308,2456,0.154
308,2865,0.174
308,3082,0.177
309,3242,0.154
310,590,0.157
310,1484,0.198
310,2939,0.224
312,977,0.249
312,1019,0.198
312,2208,0.207
312,3677,0.650
313,979,0.162
314,658,0.188
315,1302,0.180
316,713,0.188
316,1127,0.188
316,2239,0.210
316,2540,0.188
317,2290,0.260
317,2895,0.249
318,3032,0.196
319,2972,0.202
319,3109,0.202
320,2453,0.396
320,3552,0.185
321,1629,0.160
322,3051,0.223
323,2453,0.213
324,3344,0.205
325,3053,0.174
327,2641,0.227
328,2516,0.219
328,3398,0.179
329,2513,0.205
330,2978,0.202
331,3542,0.174
332,3250,0.227
333,1802,0.227
333,3619,0.198
334,1509,0.191
334,2985,0.191
334,3075,0.191
335,2140,0.227
336,3087,0.188
337,903,0.151
337,1681,0.208
337,1709,0.402
337,1873,0.995
337,2820,0.208
337,3429,0.208
338,700,0.185
338,1489,0.185
339,439,0.208
339,1698,0.187
339,1951,0.208
339,3059,0.208
340,1258,0.188
340,2058,0.167
341,2454,0.196
341,3487,0.162
342,574,0.196
342,992,0.196
342,3669,0.196
343,2244,0.307
343,2655,0.162
343,2874,0.202
343,3233,0.183
344,943,0.227
345,2046,0.307
345,2874,0.307
345,3537,0.213
346,2900,0.227
346,2958,0.154
347,2548,0.221
348,2297,0.227
349,1609,0.193
349,3260,0.899
350,1176,0.191
350,1909,0.172
350,2365,0.191
350,2452,0.191
350,2591,0.191
350,2655,0.191
351,2063,0.208
352,750,0.205
352,3254,0.193
352,3504,0.193
353,2139,0.226
353,2442,0.221
354,1902,0.219
354,2868,0.201
355,1745,0.218
356,1387,0.196
356,1594,0.307
356,1810,0.218
357,624,0.227
358,371,0.213
358,3347,0.191
359,3286,0.227
360,1994,0.201
360,2862,0.224
361,1062,0.294
361,1574,0.221
361,3666,0.307
362,699,0.210
362,2902,0.196
362,3189,0.193
363,1628,0.215
363,2837,0.227
364,2809,0.227
365,1745,0.218
365,3082,0.191
366,2049,0.602
367,1884,0.207
368,2821,0.291
369,929,0.283
370,2131,0.218
372,1657,0.227
373,1441,0.307
374,516,0.227
375,2099,0.167
375,2626,0.227
376,2792,0.207
377,3441,0.382
378,3447,0.198
379,813,0.221
379,1839,0.167
380,977,0.160
380,1416,0.170
380,1757,0.188
380,2055,0.712
380,2196,0.191
380,2272,0.224
380,2521,0.184
380,3589,0.191
381,3632,0.205
382,1498,0.201
383,767,0.213
384,1090,0.183
385,1181,0.307
385,2251,0.307
386,2685,0.227
387,1526,0.227
388,575,0.210
388,793,0.210
388,794,0.210
388,3688,0.210
389,2392,0.183
390,696,0.213
390,3623,0.199
391,931,0.201
391,3198,0.274
391,3267,0.304
392,1442,0.221
392,2894,0.221
393,488,0.180
393,571,0.167
394,1548,0.798
394,3640,0.771
395,1874,0.273
397,2203,0.970
398,712,0.156
398,2371,0.221
398,3358,0.218
399,2752,0.224
399,3700,0.167
400,833,0.160
400,859,0.208
400,1108,0.216
400,1280,0.216
400,1428,0.201
400,1776,0.170
400,1942,0.157
400,2190,0.157
400,2343,0.157
400,2461,0.199
400,2544,0.179
401,2360,0.227
402,1132,0.196
403,748,0.151
403,1011,0.187
403,1046,0.177
403,1062,0.160
403,1680,0.151
403,1878,0.221
403,2214,0.195
403,2560,0.208
403,2907,0.221
404,1160,0.191
404,1781,0.154
404,3633,0.215
404,3714,0.215
405,1089,0.999
405,1158,0.177
405,2781,0.999
406,1877,0.199
407,3159,0.174
408,1122,0.224
408,1154,0.835
408,1241,0.999
408,1919,0.236
408,1998,0.999
408,2684,0.998
408,2945,0.916
408,3180,0.585
409,1211,0.221
409,1738,0.205
409,2714,0.205
410,810,0.215
410,1705,0.180
410,1875,0.224
410,2005,0.215
410,2614,0.201
411,1981,0.171
412,573,0.180
412,3245,0.187
413,721,0.227
414,1713,0.212
414,1740,0.212
415,1497,0.507
416,1822,0.219
416,3286,0.306
417,1809,0.201
418,1389,0.274
418,1594,0.926
419,1861,0.187
420,2630,0.943
421,2248,0.226
421,2585,0.208
421,2698,0.174
422,1029,0.202
422,2369,0.191
422,2991,0.214
423,785,0.174
424,701,0.227
427,853,0.210
427,1899,0.210
428,1045,0.157
428,1183,0.224
428,1580,0.210
428,2297,0.210
429,2544,0.288
430,974,0.227
431,496,0.191
432,2453,0.202
433,826,0.160
433,905,0.205
433,1524,0.215
434,939,0.263
434,3508,0.185
435,2967,0.227
436,3233,0.167
437,451,0.227
437,1181,0.301
437,1488,0.269
437,2351,0.205
437,2364,0.805
437,2655,0.306
437,3174,0.307
438,862,0.215
440,2865,0.191
440,3526,0.199
441,3273,0.210
442,1917,0.227
442,2835,0.187
443,764,0.287
444,2627,0.562
444,3386,0.208
445,782,0.221
445,1550,0.151
445,3290,0.274
446,995,0.191
446,1765,0.185
448,1901,0.201
449,3702,0.307
450,2459,0.205
452,1318,0.185
453,2015,0.167
453,2993,0.224
453,3058,0.201
454,2201,0.201
454,3415,0.193
456,1878,0.187
457,1193,0.224
457,3122,0.193
458,1070,0.981
458,1074,0.995
458,1909,0.180
458,2312,0.191
458,3072,0.191
458,3175,0.173
459,3415,0.171
460,2109,0.226
460,3279,0.260
460,3718,0.226
461,683,0.199
461,1938,0.221
461,2916,0.998
461,2982,0.199
462,982,0.227
463,3227,0.201
464,693,0.507
464,1060,0.180
465,1737,0.160
465,2897,0.201
465,3417,0.217
465,3614,0.195
466,494,0.208
466,2791,0.174
466,3623,0.156
467,2727,0.999
468,2102,0.202
469,1839,0.227
470,2412,0.162
471,511,0.160
472,665,0.543
473,2469,0.218
474,3492,0.205
475,2095,0.162
475,2151,0.372
475,3571,0.315
476,3493,0.210
477,1071,0.160
477,3256,0.170
478,524,0.180
479,1390,0.187
479,3400,0.790
480,2338,0.174
481,1468,0.226
481,3017,0.212
482,818,0.208
482,3571,0.151
483,656,0.167
483,2484,0.191
483,2884,0.987
483,3117,0.963
483,3177,0.952
483,3262,0.219
484,1352,0.218
485,883,0.227
486,2189,0.864
486,2484,0.933
486,2558,0.904
486,3099,0.835
488,3306,0.215
489,3744,0.174
490,1176,0.221
491,1320,0.763
492,2522,0.218
492,2988,0.279
495,2006,0.227
495,2747,0.227
496,506,0.191
496,1162,0.180
496,1313,0.191
496,1593,0.304
496,1973,0.191
496,2192,0.191
496,2422,0.191
496,2800,0.316
496,3297,0.191
496,3692,0.191
497,2281,0.210
498,2739,0.999
500,2198,0.227
500,3524,0.171
501,591,0.177
502,1848,0.201
503,1258,0.180
503,2565,0.198
504,1585,0.227
505,1984,0.185
506,1615,0.217
507,2760,0.915
508,753,0.191
508,2595,0.226
508,2768,0.191
508,3276,0.226
510,2385,0.212
511,1700,0.217
511,2624,0.160
511,2658,0.217
511,3604,0.217
513,700,0.913
513,1489,0.185
514,2466,0.218
515,2607,0.198
517,1450,0.191
517,1635,0.177
517,2862,0.221
517,3404,0.199
517,3405,0.177
517,3673,0.199
517,3694,0.177
518,1427,0.185
519,1192,0.227
520,1688,0.227
521,2801,0.210
522,2643,0.227
523,3351,0.188
525,584,0.183
526,1145,0.217
527,2650,0.227
528,556,0.205
529,746,0.210
529,1527,0.207
530,1805,0.224
531,983,0.157
531,2898,0.157
532,2214,0.199
533,2229,0.167
534,1766,0.221
535,1676,0.237
535,2362,0.171
535,3120,0.187
536,605,0.193
537,583,0.174
537,3698,0.151
538,590,0.191
540,3167,0.196
541,3055,0.224
542,976,0.226
542,3728,0.167
544,1541,0.218
545,2749,0.226
546,2326,0.174
547,1803,0.221
548,959,0.768
548,2051,0.768
548,2092,0.655
548,2707,0.768
548,2747,0.655
548,2997,0.768
548,3200,0.768
548,3316,0.655
549,1865,0.307
549,3531,0.191
549,3571,0.307
550,2771,0.227
550,3091,0.208
551,1606,0.947
552,1909,0.191
552,2543,0.215
553,1500,0.193
553,2639,0.208
554,1476,0.215
554,2804,0.219
555,3009,0.177
556,659,0.205
556,1791,0.205
557,811,0.227
558,967,0.227
559,1136,0.151
560,1030,0.227
560,1135,0.215
561,1212,0.210
563,623,0.810
563,3221,0.999
564,1037,0.180
564,3002,0.332
564,3337,0.201
565,1707,0.180
565,2938,0.218
566,3509,0.221
567,1416,0.368
567,1441,0.170
567,2316,0.156
567,2432,0.905
567,3591,0.399
568,1731,0.151
568,1948,0.187
569,837,0.211
569,2010,0.238
569,2166,0.217
569,2369,0.191
570,2474,0.227
571,2205,0.764
572,2459,0.307
573,1624,0.201
573,3531,0.224
576,2967,0.913
577,2879,0.157
577,3063,0.207
578,2589,0.196
579,1530,0.226
579,1633,0.226
579,2459,0.372
580,1844,0.180
581,3193,0.201
582,1264,0.208
584,660,0.183
584,1144,0.205
584,1389,0.162
584,2638,0.205
585,1803,0.221
586,2444,0.217
586,2463,0.227
587,1096,0.196
587,1945,0.188
587,2399,0.224
589,610,0.207
589,2737,0.213
590,1207,0.988
590,1674,0.191
590,2138,0.241
590,2262,0.177
590,2333,0.932
590,3357,0.191
590,3479,0.317
590,3493,0.165
591,1278,0.212
591,2499,0.670
591,2510,0.199
591,2798,0.199
592,767,0.213
593,711,0.162
593,1047,0.223
593,1092,0.262
593,1484,0.752
593,1721,0.574
593,1889,0.162
594,3048,0.191
595,1352,0.183
596,2162,0.183
597,1042,0.985
597,2796,0.784
598,1142,0.180
599,1540,0.201
600,1556,0.185
601,3525,0.183
602,1881,0.227
603,1314,0.956
604,1027,0.180
604,1639,0.199
604,2872,0.215
604,3683,0.239
605,741,0.191
605,3389,0.191
605,3689,0.215
606,2438,0.205
607,3096,0.326
607,3169,0.959
608,1660,0.227
609,3438,0.180
610,963,0.307
610,1666,0.307
610,2548,0.307
610,2765,0.213
611,2556,0.205
612,2487,0.771
612,2826,0.816
613,2687,0.227
614,808,0.221
615,2150,0.201
617,704,0.227
617,991,0.215
617,1017,0.859
618,734,0.212
619,3175,0.199
619,3280,0.156
619,3637,0.212
620,3046,0.180
622,2746,0.597
623,911,0.205
623,3287,0.716
623,3568,0.198
625,1058,0.745
625,1458,0.210
625,2357,0.224
626,2195,0.174
627,1424,0.196
629,694,0.221
629,970,0.187
629,1374,0.307
629,1395,0.208
629,1576,0.208
629,1682,0.187
629,2093,0.187
629,2436,0.221
629,3613,0.221
631,1669,0.180
631,2500,0.180
633,826,0.177
634,2063,0.208
635,2461,0.191
636,3578,0.227
637,3176,0.906
638,2077,0.196
639,1693,0.226
639,2628,0.182
639,2978,0.226
640,2048,0.205
641,1205,0.218
641,3298,0.196
641,3498,0.218
642,3272,0.205
643,2076,0.219
644,3262,0.198
646,1673,0.171
646,2383,0.215
647,2989,0.215
647,3662,0.215
649,2660,0.207
650,3553,0.227
651,2309,0.227
652,1683,0.167
653,2867,0.210
654,1248,0.188
655,2132,0.226
656,896,0.188
657,736,0.201
657,2944,0.198
658,2963,0.157
661,2103,0.191
662,1292,0.292
662,2572,0.213
663,1149,0.183
665,1029,0.208
665,2311,0.614
666,2389,0.162
666,3310,0.157
667,1204,0.185
669,2010,0.154
670,1033,0.217
671,1684,0.224
671,1895,0.227
671,2644,0.193
672,2047,0.154
672,3629,0.193
673,3061,0.195
674,2734,0.201
675,2182,0.185
676,2581,0.227
677,1075,0.227
678,990,0.191
678,1693,0.524
679,1696,0.224
680,1444,0.953
681,1042,0.675
681,1315,0.511
681,2796,0.903
681,3328,0.796
682,1204,0.207
684,1007,0.290
684,1117,0.224
684,2289,0.473
684,3363,0.550
685,2156,0.157
685,2259,0.157
687,1600,0.227
688,1266,0.193
688,2341,0.180
688,2701,0.180
688,3401,0.180
689,2126,0.188
690,2888,0.171
691,1403,0.167
691,3136,0.976
692,2732,0.191
692,2831,0.226
692,3027,0.226
693,936,0.205
693,1929,0.388
693,2086,0.280
693,2861,0.183
693,3078,0.528
695,2887,0.213
696,726,0.191
696,1926,0.213
696,2113,0.675
696,2130,0.984
696,3660,0.965
697,1804,0.201
698,2867,0.845
699,1605,0.201
699,2638,0.223
700,1279,0.224
700,1706,0.207
701,789,0.205
701,800,0.255
701,1396,0.227
701,1491,0.227
701,1658,0.227
702,1075,0.227
703,2564,0.210
705,1601,0.205
706,1955,0.227
707,1354,0.208
707,1817,0.196
707,2393,0.218
707,2434,0.196
708,3304,0.999
709,1883,0.205
709,2078,0.227
710,3528,0.174
711,1100,0.205
712,1460,0.156
712,2716,0.221
712,3155,0.199
712,3163,0.221
714,2171,0.307
715,3642,0.224
716,2395,0.227
718,1109,0.180
718,2382,0.174
720,734,0.226
720,1160,0.191
720,1909,0.187
720,2082,0.172
720,3082,0.177
722,2331,0.193
723,2136,0.303
724,1451,0.208
724,1518,0.174
724,2770,0.174
724,2857,0.208
725,3551,0.191
727,2230,0.185
727,3444,0.224
728,2476,0.501
729,1215,0.185
729,1291,0.207
730,3262,0.219
731,903,0.218
731,1175,0.174
731,2150,0.218
732,1160,0.191
733,1057,0.219
733,3387,0.922
735,3573,0.180
736,966,0.167
737,3340,0.177
738,1797,0.227
739,2168,0.227
740,872,0.161
741,2373,0.188
741,2543,0.154
741,2954,0.174
741,3510,0.174
742,3361,0.201
742,3539,0.210
743,1415,0.204
743,2431,0.180
744,2423,0.227
745,3526,0.199
746,1341,0.832
747,2279,0.202
748,1462,0.185
749,1001,0.167
749,1129,0.227
754,1606,0.185
754,2967,0.224
754,3628,0.207
754,3652,0.207
755,3028,0.267
755,3482,0.362
756,2966,0.196
757,2762,0.188
758,2135,0.493
758,3278,0.387
759,895,0.226
759,3069,0.685
759,3491,0.226
760,2939,0.185
761,3562,0.224
762,2865,0.191
762,3150,0.196
763,2142,0.196
763,2172,0.201
765,2694,0.227
766,1320,0.218
767,769,0.151
767,1026,0.213
767,1312,0.151
770,941,0.167
770,2071,0.210
770,2981,0.210
772,973,0.226
772,1261,0.187
773,3345,0.227
774,1835,0.226
775,3605,0.170
776,1377,0.227
777,2728,0.227
778,3438,0.201
779,1601,0.154
780,1905,0.218
781,1290,0.305
781,3616,0.182
783,2914,0.185
784,937,0.227
784,1114,0.257
784,3496,0.293
786,2105,0.215
786,3586,0.215
787,1272,0.174
787,2639,0.226
787,3111,0.240
787,3270,0.208
788,1989,0.227
790,1782,0.185
791,1281,0.167
791,2753,0.199
792,1523,0.185
792,1931,0.185
792,2919,0.185
792,3360,0.213
795,1745,0.218
796,3242,0.205
797,1025,0.227
798,2484,0.191
798,3653,0.162
799,2031,0.167
801,3377,0.212
802,874,0.196
803,2725,0.218
804,3678,0.196
806,2879,0.207
807,815,0.188
808,1505,0.226
809,1575,0.188
812,915,0.227
813,1001,0.221
813,1610,0.177
813,2596,0.307
814,2687,0.227
817,2607,0.198
819,887,0.227
820,3597,0.224
821,3697,0.511
822,2053,0.218
822,2355,0.218
823,2186,0.215
823,3299,0.227
823,3651,0.761
824,3085,0.201
825,1254,0.982
825,2780,0.205
825,3530,0.950
826,996,0.157
826,1996,0.307
826,2149,0.955
827,3240,0.227
828,2958,0.205
829,2703,0.185
830,1741,0.183
831,2324,0.224
832,2986,0.221
833,2479,0.201
833,3135,0.160
834,2407,0.227
835,1221,0.202
835,1946,0.168
835,2661,0.187
835,3327,0.218
836,1184,0.213
836,1866,0.191
836,2157,0.280
836,2417,0.191
836,3321,0.228
836,3498,0.213
837,1906,0.210
837,2948,0.464
837,2960,0.210
838,1573,0.200
839,2678,0.344
840,1085,0.215
842,1263,0.223
843,1348,0.277
843,1624,0.205
843,2514,0.277
843,2799,0.999
843,3101,0.814
843,3264,0.633
843,3522,0.205
844,2188,0.227
845,1425,0.971
845,3268,0.162
846,1090,0.205
847,904,0.224
848,1626,0.201
849,1041,0.227
850,2617,0.183
851,980,0.156
852,1582,0.208
854,2020,0.154
854,2898,0.215
854,3558,0.201
855,3320,0.218
855,3540,0.218
856,1529,0.154
856,1553,0.154
856,1935,0.201
856,2671,0.305
856,3570,0.180
857,3370,0.213
858,1714,0.185
858,2576,0.162
859,1963,0.188
860,958,0.215
860,2089,0.193
860,2102,0.758
860,2801,0.785
861,1704,0.215
864,2131,0.218
865,2225,0.157
866,921,0.205
867,1337,0.929
868,2152,0.207
869,1680,0.198
870,2314,0.227
871,2220,0.180
871,3727,0.201
873,947,0.174
873,2039,0.227
873,2082,0.179
873,3082,0.184
874,1093,0.218
874,1106,0.196
874,2471,0.218
874,2648,0.218
874,3747,0.218
875,3094,0.167
876,1274,0.191
877,997,0.208
877,1625,0.208
878,2616,0.205
879,1395,0.180
879,3541,0.227
880,1775,0.224
880,2523,0.201
880,2592,0.215
880,2634,0.224
881,3001,0.227
882,1160,0.217
882,1373,0.988
882,1444,0.999
882,2686,0.224
882,2896,0.884
882,3640,0.991
884,2343,0.215
884,2481,0.180
884,3092,0.180
885,1463,0.180
885,2178,0.180
885,2565,0.198
886,3525,0.183
889,2879,0.207
890,1435,0.185
891,1093,0.227
892,2242,0.227
894,2153,0.998
894,2384,0.999
894,2768,0.999
894,3043,0.999
894,3196,0.999
895,2732,0.191
896,1853,0.210
897,2479,0.223
898,1345,0.221
899,2001,0.834
899,2846,0.934
900,930,0.185
901,1874,0.228
902,2441,0.967
903,1071,0.997
905,929,0.717
906,2722,0.208
906,3485,0.208
907,1402,0.227
908,3618,0.162
909,1567,0.221
910,3294,0.199
911,1050,0.221
911,1788,0.205
912,1267,0.227
913,2390,0.227
914,2365,0.217
914,3091,0.208
915,2916,0.221
916,1102,0.208
916,1718,0.191
916,2082,0.386
916,2634,0.204
916,2954,0.336
916,3256,0.232
916,3510,0.157
916,3699,0.168
917,1273,0.227
918,1070,0.942
918,1112,0.191
918,1241,0.185
918,1803,0.221
918,3531,0.202
920,2352,0.180
920,3162,0.224
920,3535,0.461
922,3026,0.172
922,3027,0.540
924,2613,0.193
925,1427,0.185
926,2257,0.191
926,2459,0.307
927,1934,0.180
928,2270,0.227
928,2322,0.952
929,3638,0.387
930,3475,0.207
931,965,0.191
931,1194,0.212
931,1460,0.191
931,1521,0.212
931,2461,0.660
931,2580,0.188
931,2985,0.179
931,3421,0.212
932,1164,0.958
932,3084,0.224
933,1314,0.195
934,3434,0.468
935,2043,0.252
936,1976,0.221
937,1786,0.227
938,2063,0.208
939,3434,0.468
942,1091,0.202
944,1902,0.213
945,2484,0.191
947,1609,0.191
947,1695,0.191
947,1751,0.152
947,1971,0.167
947,2262,0.185
947,3374,0.191
947,3733,0.152
948,3603,0.218
949,1758,0.156
949,1785,0.187
950,2846,0.187
951,1334,0.252
952,1071,0.945
952,2238,0.215
953,1693,0.202
954,1875,0.162
954,2930,0.208
955,2469,0.205
956,1918,0.171
957,1545,0.191
959,996,0.185
960,2317,0.221
960,2715,0.221
961,1160,0.191
961,3278,0.221
962,1730,0.307
963,2548,0.385
963,2792,0.427
964,2085,0.227
965,2249,0.227
967,2275,0.180
968,3223,0.992
969,3624,0.187
971,2687,0.198
972,3462,0.162
973,1987,0.226
973,2883,0.208
974,3563,0.202
975,3059,0.207
976,2348,0.202
977,1366,0.212
977,3023,0.167
977,3048,0.174
977,3677,0.221
978,1814,0.193
980,2544,0.306
983,1362,0.998
983,2442,0.205
983,3383,0.997
984,1399,0.271
984,1914,0.160
985,2469,0.205
986,1065,0.229
987,2687,0.185
988,1235,0.227
989,1309,0.221
989,1398,0.198
990,2284,0.191
993,1626,0.180
995,2232,0.191
995,2927,0.191
995,3392,0.191
995,3438,0.191
995,3642,0.191
996,1289,0.185
996,1448,0.198
998,2865,0.152
998,3256,0.160
999,1543,0.219
1000,2700,0.193
1000,2908,0.215
1000,2914,0.193
1000,3648,0.215
1002,3724,0.160
1003,2769,0.210
1004,3640,0.227
1005,2897,0.215
1005,3322,0.180
1006,3224,0.227
1008,1795,0.193
1009,1979,0.992
1010,1900,0.224
1012,2596,0.307
1013,1512,0.151
1014,2985,0.191
1016,2148,0.227
1016,2849,0.439
1016,2916,0.311
1017,3434,0.171
1018,1019,0.219
1018,2839,0.157
1019,1729,0.180
1020,1613,0.263
1020,1703,0.215
1020,2361,0.193
1020,2728,0.154
1020,3547,0.154
1021,3113,0.187
1022,2544,0.157
1022,3368,0.227
1023,1637,0.218
1024,2683,0.171
1024,3140,0.171
1024,3391,0.205
1029,2846,0.307
1031,1175,0.210
1031,3291,0.188
1032,2777,0.926
1032,3365,0.307
1033,1752,0.160
1033,2681,0.160
1033,3197,0.217
1034,2002,0.162
1034,3311,0.615
1035,2531,0.188
1036,1049,0.207
1037,2122,0.171
1038,1051,0.224
1038,1277,0.273
1038,1835,0.262
1039,3649,0.227
1040,1911,0.227
1040,2713,0.227
1041,2508,0.171
1042,1315,0.985
1042,2796,0.729
1043,1057,0.219
1044,3112,0.224
1044,3203,0.188
1045,1513,0.279
1045,1832,0.157
1045,3373,0.207
1046,1306,0.226
1046,2214,0.246
1048,1304,0.227
1052,2466,0.210
1052,3359,0.180
1053,3337,0.180
1054,3189,0.151
1056,1099,0.196
1056,2091,0.174
1056,2218,0.218
1057,1185,0.219
1057,1268,0.185
1057,1397,0.185
1058,2817,0.224
1058,2938,0.218
1058,3746,0.797
1059,1509,0.191
1059,2985,0.191
1061,1512,0.999
1061,1981,0.193
1062,1306,0.221
1062,2214,0.228
1063,1421,0.193
1063,2107,0.215
1063,2971,0.193
1063,2977,0.193
1064,1423,0.215
1064,2475,0.215
1067,1803,0.221
1068,1435,0.157
1068,1884,0.157
1069,3055,0.224
1070,1336,0.999
1070,3401,0.600
1070,3499,0.274
1071,1325,0.358
1071,1369,0.721
1071,1921,0.997
1071,2254,0.339
1071,3571,0.204
1071,3615,0.221
1071,3693,0.418
1071,3739,0.974
1072,2271,0.210
1073,3060,0.227
1074,3012,0.177
1075,2489,0.227
1076,2135,0.193
1076,3715,0.218
1077,2055,0.151
1077,2651,0.207
1078,2484,0.191
1078,3653,0.162
1080,2379,0.174
1081,1754,0.210
1082,1615,0.195
1083,3532,0.227
1084,3113,0.208
1084,3444,0.224
1085,2303,0.224
1086,2541,0.174
1087,2013,0.218
1088,3251,0.219
1089,1401,0.999
1089,2781,0.999
1090,2355,0.227
1090,2436,0.218
1091,2138,0.226
1091,2549,0.226
1094,2891,0.227
1095,3462,0.857
1096,3418,0.187
1097,1419,0.281
1097,1496,0.675
1097,1730,0.307
1097,1835,0.205
1097,1945,0.307
1097,2028,0.208
1097,2551,0.307
1097,2640,0.307
1097,3061,0.270
1098,2854,0.227
1100,3043,0.208
1101,2162,0.183
1102,1162,0.188
1102,1241,0.167
1102,1547,0.165
1102,1553,0.185
1102,1609,0.152
1102,1695,0.152
1102,2912,0.307
1102,3389,0.176
1103,3091,0.961
1104,3048,0.191
1105,2559,0.227
1107,2548,0.199
1109,3535,0.224
1110,1396,0.191
1110,1553,0.152
1110,1882,0.191
1110,2244,0.191
1110,2907,0.191
1110,3432,0.191
1110,3726,0.191
1111,2955,0.193
1112,3531,0.191
1113,2846,0.307
1115,1968,0.224
1115,2133,0.201
1115,2409,0.224
1116,2476,0.272
1116,2732,0.191
1118,1377,0.205
1118,2847,0.174
1119,1284,0.227
1120,1692,0.215
1121,2647,0.227
1123,1904,0.180
1124,1590,0.157
1124,1652,0.224
1125,1782,0.373
1125,2129,0.187
1125,2890,0.151
1126,1544,0.156
1128,2696,0.167
1128,3579,0.283
1130,1450,0.162
1130,2456,0.190
1130,3556,0.187
1131,1787,0.208
1132,1851,0.201
1132,1854,0.227
1133,1276,0.201
1133,2138,0.188
1134,1585,0.187
1134,1813,0.187
1135,1271,0.193
1136,3032,0.238
1137,1918,0.198
1137,2531,0.207
1138,2744,0.992
1139,2550,0.229
1140,1309,0.187
1141,3387,0.227
1143,3262,0.198
1147,1277,0.221
1147,1628,0.154
1147,2920,0.201
1147,3661,0.198
1148,2026,0.208
1149,3573,0.227
1150,1706,0.227
1151,1376,0.227
1152,3602,0.195
1153,2795,0.201
1154,1998,0.904
1155,2399,0.180
1156,1428,0.941
1157,1511,0.227
1159,2798,0.180
1160,1206,0.191
1160,1381,0.191
1160,1399,0.191
1160,1615,0.191
1160,1716,0.191
1160,1732,0.227
1160,1892,0.191
1160,1922,0.191
1160,1971,0.191
1160,2161,0.191
1160,2667,0.191
1160,2703,0.191
1160,3513,0.191
1161,1512,0.213
1162,2373,0.180
1162,2634,0.188
1163,1164,0.191
1164,1359,0.209
1164,3255,0.191
1164,3457,0.928
1165,2875,0.219
1167,2131,0.218
1168,3324,0.180
1169,2214,0.199
1170,1429,0.227
1171,2827,0.227
1172,2459,0.307
1173,1943,0.343
1173,3598,0.167
1174,3325,0.191
1176,1467,0.221
1176,1907,0.221
1176,2507,0.221
1177,2193,0.227
1178,1352,0.183
1179,2888,0.171
1180,1284,0.207
1180,2114,0.219
1181,1378,0.205
1181,2273,0.227
1181,2318,0.243
1182,2487,0.997
1184,3222,0.221
1186,2359,0.227
1187,3038,0.227
1188,2150,0.188
1189,1548,0.756
1189,2030,0.771
1189,2954,0.184
1189,3510,0.184
1189,3548,0.174
1189,3640,0.743
1190,2835,0.187
1191,2179,0.201
1192,3172,0.193
1193,1724,0.201
1195,1229,0.595
1196,2145,0.883
1197,2643,0.227
1198,1241,0.252
1198,1725,0.162
1198,2055,0.999
1198,2221,0.162
1198,2350,0.188
1198,2682,0.180
1198,3531,0.936
1199,1595,0.167
1199,2602,0.227
1200,1568,0.193
1201,1689,0.227
1202,2865,0.191
1203,1496,0.201
1203,2335,0.523
1204,1379,0.185
1204,2662,0.207
1204,3403,0.185
1207,2565,0.219
1208,1540,0.224
1209,2576,0.227
1210,1944,0.976
1210,1967,0.994
1210,2771,0.971
1210,3147,0.994
1211,1547,0.307
1212,1520,0.290
1212,1861,0.184
1213,3345,0.226
1214,1731,0.151
1214,3022,0.226
1214,3472,0.193
1216,1393,0.160
1216,3262,0.151
1217,2272,0.185
1218,2121,0.213
1218,2942,0.167
1219,2302,0.198
1220,2344,0.193
1220,2502,0.205
1220,2714,0.205
1220,3518,0.205
1221,1552,0.202
1222,3290,0.257
1224,1324,0.205
1224,2207,0.205
1224,3311,0.367
1226,1468,0.207
1227,3351,0.188
1228,3455,0.212
1229,1806,0.212
1230,2063,0.208
1231,1927,0.463
1231,3740,0.224
1232,3363,0.207
1233,2308,0.341
1234,3037,0.171
1234,3069,0.203
1235,3329,0.183
1236,1864,0.296
1236,3218,0.185
1237,2484,0.191
1238,2945,0.945
1238,3269,0.187
1238,3282,0.219
1239,1733,0.196
1240,1438,0.210
1240,1816,0.227
1241,1352,0.227
1241,2968,0.294
1241,3023,0.182
1241,3256,0.233
1241,3699,0.154
1242,1608,0.210
1243,3527,0.180
1244,1913,0.227
1245,3241,0.191
1245,3531,0.191
1246,1903,0.227
1247,2320,0.174
1247,3749,0.247
1248,1941,0.227
1248,3408,0.999
1249,2983,0.227
1250,1517,0.271
1250,2294,0.908
1251,2153,0.777
1251,2605,0.976
1251,3383,0.878
1253,2921,0.201
1255,2935,0.218
1255,3634,0.219
1256,2283,0.171
1256,2312,0.187
1256,3466,0.201
1258,1505,0.218
1258,3546,0.215
1261,1270,0.180
1262,2064,0.941
1262,3281,0.999
1262,3670,0.963
1263,2201,0.201
1264,2732,0.191
1264,3048,0.191
1265,1439,0.227
1266,2216,0.187
1269,1848,0.213
1271,1923,0.991
1275,1363,0.207
1275,1391,0.207
1275,1532,0.207
1275,2424,0.207
1275,3448,0.207
1275,3458,0.207
1275,3476,0.157
1277,1865,0.207
1277,2597,0.212
1277,2633,0.213
1278,1799,0.205
1279,1489,0.224
1279,2484,0.191
1281,2814,0.221
1282,2882,0.227
1283,3085,0.160
1283,3110,0.195
1283,3225,0.217
1284,3273,0.210
1285,1659,0.207
1285,1715,0.221
1286,2635,0.227
1287,3302,0.227
1288,2389,0.653
1290,1512,0.160
1292,1939,0.238
1292,2632,0.264
1292,3145,0.323
1294,1894,0.915
1296,2879,0.207
1297,2225,0.185
1298,1761,0.196
1299,2001,0.883
1300,1837,0.154
1301,3584,0.199
1303,3242,0.205
1305,2253,0.212
1307,2828,0.240
1307,2880,0.196
1308,3182,0.989
1308,3183,0.988
1309,1702,0.208
1309,3037,0.221
1309,3386,0.221
1309,3672,0.177
1310,3257,0.193
1311,2277,0.224
1311,3150,0.218
1311,3611,0.257
1312,3126,0.201
1313,3048,0.191
1314,2033,0.217
1314,2401,0.217
1314,2521,0.191
1315,3115,0.188
1316,1824,0.224
1317,3356,0.218
1318,2169,0.219
1319,2124,0.227
1320,1596,0.218
1320,3554,0.218
1321,2940,0.185
1322,1471,0.201
1323,1342,0.227
1325,2369,0.179
1325,3006,0.162
1326,3499,0.354
1327,1534,0.227
1329,1964,0.201
1330,2175,0.989
1330,2636,0.999
1330,2933,0.988
1331,3278,0.221
1332,3002,0.218
1333,1714,0.157
1334,2720,0.236
1334,3079,0.246
1335,1368,0.307
1335,2951,0.174
1337,1563,0.955
1337,2885,0.955
1337,3180,0.955
1337,3620,0.955
1338,2890,0.198
1339,2485,0.226
1340,2504,0.221
1342,1352,0.218
1342,1964,0.215
1343,2449,0.201
1345,1540,0.270
1345,2859,0.408
1345,3123,0.297
1346,3577,0.226
1347,1615,0.191
1349,1676,0.213
1349,2873,0.226
1351,2402,0.167
1351,2607,0.219
1352,1579,0.205
1353,2795,0.201
1355,3283,0.227
1356,2689,0.227
1357,1450,0.191
1358,3718,0.227
1360,1463,0.191
1361,1857,0.199
1362,1427,0.207
1362,3383,0.999
1364,2464,0.171
1365,1504,0.227
1367,3295,0.198
1369,3449,0.191
1370,2114,0.154
1370,2411,0.215
1370,3454,0.193
1371,3464,0.171
1372,2518,0.160
1373,1519,0.191
1373,3407,0.987
1373,3640,0.974
1375,1623,0.157
1375,2096,0.999
1376,1461,0.999
1376,1921,0.992
1377,3705,0.183
1377,3748,0.183
1380,2317,0.151
1380,2715,0.151
1382,2865,0.191
1383,3268,0.162
1384,3435,0.969
1385,3264,0.201
1386,3146,0.208
1388,3576,0.167
1389,3152,0.171
1389,3445,0.171
1392,3462,0.162
1393,1798,0.223
1393,2749,0.328
1394,3091,0.257
1394,3434,0.193
1396,2932,0.185
1398,2979,0.224
1398,3333,0.185
1398,3477,0.227
1399,1834,0.199
1400,2693,0.193
1401,2781,0.999
1404,1659,0.198
1405,1726,0.199
1405,2494,0.196
1406,1649,0.205
1408,3562,0.224
1410,3427,0.193
1411,1666,0.215
1411,2061,0.234
1411,2287,0.216
1412,1930,0.157
1413,3630,0.193
1414,2605,0.198
1415,3136,0.226
1416,2103,0.191
1416,3048,0.184
1416,3256,0.283
1416,3450,0.191
1417,1448,0.212
1417,3422,0.199
1418,1542,0.180
1419,2046,0.214
1419,2730,0.183
1420,1841,0.201
1422,3580,0.221
1423,1982,0.215
1423,2562,0.345
1425,1665,0.196
1426,2986,0.210
1427,2059,0.207
1427,3209,0.440
1427,3697,0.412
1430,1894,0.198
1430,3118,0.185
1431,1490,0.201
1431,2853,0.412
1431,3318,0.215
1432,2299,0.198
1433,1573,0.422
1433,1637,0.187
1434,2393,0.180
1434,3256,0.187
1435,1499,0.185
1435,1653,0.219
1436,2751,0.199
1437,2328,0.994
1440,3628,0.167
1441,1507,0.207
1441,2318,0.181
1443,1634,0.207
1446,3627,0.198
1447,1893,0.213
1449,2519,0.227
1450,1553,0.208
1450,1695,0.152
1450,2505,0.893
1450,2521,0.176
1451,2044,0.227
1451,2888,0.205
1452,2132,0.191
1453,2067,0.227
1454,3665,0.227
1455,2650,0.227
1456,3549,0.227
1457,3707,0.213
1458,3193,0.210
1459,2588,0.196
1459,3005,0.188
1461,1769,0.999
1461,1921,0.938
1463,2221,0.191
1463,2379,0.605
1463,2520,0.215
1463,2779,0.191
1464,1670,0.196
1465,3441,0.187
1466,1514,0.193
1466,2821,0.221
1467,2617,0.961
1468,1744,0.213
1468,1826,0.226
1468,3271,0.226
1469,1877,0.156
1469,3262,0.151
1471,2097,0.224
1471,3024,0.224
1471,3275,0.201
1472,3432,0.227
1473,2315,0.210
1474,3148,0.188
1475,3008,0.227
1476,2073,0.215
1476,2119,0.999
1476,2836,0.180
1477,2444,0.217
1478,1617,0.196
1478,1789,0.218
1479,1553,0.323
1479,2802,0.207
1479,3233,0.167
1480,2331,0.307
1480,2973,0.201
1480,3123,0.157
1481,1535,0.195
1481,1579,0.217
1481,2322,0.217
1481,2420,0.195
1481,3656,0.307
1483,2697,0.213
1483,3621,0.846
1484,3516,0.215
1485,2234,0.226
1485,3035,0.260
1486,2064,0.227
1487,3264,0.201
1488,2372,0.151
1488,3279,0.376
1489,1706,0.207
1492,2795,0.223
1493,3303,0.176
1494,1835,0.191
1494,1909,0.191
1494,1952,0.218
1494,2224,0.218
1495,2783,0.996
1496,1965,0.207
1496,2486,0.675
1496,2634,0.188
1496,2907,0.853
1497,2312,0.218
1497,2744,0.201
1498,2217,0.201
1498,3311,0.419
1499,1698,0.736
1499,2944,0.736
1499,3660,0.944
1501,2082,0.174
1502,2357,0.227
1503,2350,0.224
1505,1614,0.174
1505,2194,0.174
1505,2772,0.966
1506,1628,0.171
1506,3609,0.157
1507,2985,0.196
1508,2890,0.219
1509,1714,0.165
1509,3175,0.165
1509,3525,0.191
1510,1889,0.215
1512,1725,0.256
1512,2076,0.171
1512,2508,0.291
1513,1743,0.217
1513,2439,0.160
1514,3126,0.224
1515,2267,0.208
1516,2307,0.226
1517,2373,0.172
1517,2634,0.180
1517,2954,0.157
1519,1690,0.173
1519,1776,0.184
1519,3227,0.191
1519,3531,0.184
1524,3462,0.162
1525,1920,0.201
1525,3369,0.174
1527,2232,0.227
1527,2709,0.151
1527,2740,0.224
1530,2427,0.347
1531,1745,0.218
1533,3749,0.180
1534,3015,0.205
1536,3087,0.188
1537,1885,0.167
1538,3463,0.174
1539,1737,0.154
1540,2191,0.896
1541,1612,0.196
1541,2008,0.218
1541,2177,0.196
1541,2359,0.218
1544,2700,0.221
1544,3442,0.221
1545,2455,0.899
1545,3148,0.272
1546,2267,0.187
1548,1871,0.679
1548,2193,0.764
1548,3392,0.679
1549,2162,0.183
1550,1928,0.207
1550,3181,0.219
1552,3136,0.187
1553,2219,0.191
1553,2608,0.801
1553,2922,0.191
1553,3531,0.262
1553,3647,0.191
1554,3153,0.208
1555,2451,0.176
1557,2284,0.218
1557,2887,0.213
1558,1800,0.177
1558,3288,0.221
1559,2865,0.191
1561,3167,0.196
1562,3266,0.224
1563,2225,0.207
1563,2797,0.201
1563,2848,0.167
1563,3180,0.964
1563,3462,0.162
1563,3620,0.966
1565,3471,0.226
1566,2032,0.227
1567,1763,0.187
1567,2988,0.221
1567,3588,0.187
1568,2503,0.215
1568,2761,0.215
1569,2029,0.223
1570,3482,0.196
1571,2996,0.226
1572,2096,0.210
1573,1626,0.154
1574,1623,0.224
1574,2302,0.219
1574,3129,0.238
1577,2387,0.199
1578,3276,0.227
1580,1941,0.227
1581,3348,0.201
1582,1674,0.257
1582,2590,0.174
1582,3233,0.191
1582,3623,0.156
1583,2415,0.180
1584,2968,0.191
1586,2758,0.151
1586,3674,0.224
1587,3511,0.205
1588,2554,0.210
1589,3095,0.180
1589,3459,0.227
1590,2058,0.185
1590,2772,0.151
1591,1905,0.183
1592,1997,0.227
1594,2605,0.157
1594,2953,0.975
1595,2514,0.215
1598,1874,0.199
1598,1946,0.294
1598,2038,0.507
1599,2659,0.174
1601,1856,0.154
1601,2484,0.191
1601,3652,0.154
1602,3019,0.916
1602,3708,0.210
1603,2101,0.227
1604,2962,0.187
1607,3492,0.205
1608,3076,0.210
1609,2082,0.352
1609,2456,0.180
1609,2634,0.152
1609,3023,0.167
1609,3097,0.193
1611,2558,0.301
1613,2022,0.185
1613,3065,0.227
1615,1831,0.195
1615,2050,0.160
1615,3532,0.160
1616,2526,0.199
1616,2851,0.177
1619,3525,0.218
1620,2676,0.227
1621,2921,0.180
1622,3199,0.227
1626,2127,0.180
1626,2181,0.201
1627,1813,0.219
1627,1885,0.207
1627,2306,0.207
1627,2319,0.185
1627,3036,0.207
1628,3360,0.221
1630,2178,0.167
1631,2799,0.706
1632,3547,0.160
1634,3575,0.207
1636,2304,0.215
1637,2331,0.221
1638,3427,0.171
1639,3352,0.151
1640,2289,0.565
1642,2082,0.165
1642,3072,0.191
1642,3082,0.170
1642,3256,0.177
1643,2149,0.224
1643,2458,0.307
1644,2567,0.157
1644,3279,0.191
1645,2350,0.224
1646,3064,0.995
1648,3465,0.163
1651,1966,0.219
1651,2906,0.224
1654,2929,0.174
1656,1969,0.196
1659,2805,0.227
1660,2318,0.307
1661,3526,0.221
1662,1976,0.199
1663,2082,0.999
1663,3634,0.207
1664,1965,0.207
1668,3139,0.213
1670,2717,0.218
1671,2788,0.212
1675,3367,0.219
1677,1685,0.267
1677,3750,0.921
1678,2045,0.859
1678,2561,0.965
1679,2193,0.227
1679,2223,0.227
1683,2392,0.227
1685,1960,0.566
1685,2750,0.307
1687,3645,0.180
1690,2312,0.227
1691,3151,0.227
1694,3617,0.193
1695,2634,0.152
1695,3556,0.177
1697,3457,0.227
1697,3612,0.215
1698,1900,0.914
1698,1910,0.992
1698,2113,0.915
1698,2130,0.965
1698,2763,0.689
1698,2944,0.957
1698,3093,0.715
1698,3660,0.994
1699,2824,0.219
1701,2853,0.202
1704,2494,0.512
1704,2657,0.215
1706,1878,0.180
1707,2470,0.201
1707,2543,0.154
1708,2357,0.227
1710,3703,0.217
1711,2598,0.198
1712,1837,0.450
1714,2863,0.157
1717,1762,0.205
1717,2773,0.205
1718,2138,0.191
1718,2772,0.191
1719,2363,0.224
1719,2888,0.215
1722,3112,0.219
1723,2906,0.157
1725,2890,0.759
1725,3256,0.152
1726,2402,0.221
1727,3462,0.208
1728,1876,0.224
1730,3520,0.174
1731,2159,0.213
1731,2342,0.213
1734,2294,0.215
1736,3162,0.154
1737,2647,0.201
1739,2082,0.169
1739,2426,0.191
1739,2968,0.208
1739,3023,0.172
1742,2419,0.210
1743,3715,0.205
1745,1978,0.971
1745,2155,0.218
1745,2863,0.218
1745,3625,0.218
1746,2459,0.301
1746,2893,0.180
1747,3004,0.201
1747,3686,0.201
1748,2388,0.180
1748,2845,0.180
1748,3602,0.160
1748,3721,0.201
1749,2558,0.307
1750,3502,0.227
1751,2082,0.157
1752,2556,0.205
1753,3527,0.167
1754,3672,0.190
1755,1879,0.180
1756,1927,0.221
1757,1946,0.191
1757,3510,0.157
1758,3010,0.221
1759,2291,0.227
1759,2834,0.167
1760,2517,0.191
1760,3255,0.191
1762,3628,0.167
1764,3072,0.227
1766,2615,0.221
1767,2821,0.262
1767,3028,0.224
1768,2112,0.221
1768,3412,0.180
1770,2725,0.183
1771,2153,0.975
1771,2253,0.984
1771,3383,0.999
1773,3090,0.223
1776,2968,0.174
1777,3348,0.201
1778,2143,0.227
1779,1983,0.157
1780,3043,0.986
1782,2670,0.185
1782,2890,0.297
1782,3704,0.197
1783,3123,0.219
1784,3063,0.227
1787,2559,0.226
1790,2497,0.191
1792,2580,0.174
1793,3511,0.218
1794,2978,0.170
1796,2795,0.201
1797,2627,0.226
1801,3495,0.221
1803,1957,0.221
1803,2134,0.221
1803,3309,0.221
1803,3382,0.246
1804,2557,0.219
1807,2480,0.185
1810,2548,0.437
1810,2792,0.328
1811,3194,0.227
1812,2235,0.167
1813,2448,0.227
1814,2000,0.199
1816,2138,0.191
1817,3286,0.227
1818,2046,0.208
1819,2739,0.999
1820,3545,0.227
1821,2917,0.201
1823,2706,0.157
1824,2829,0.224
1824,3374,0.224
1825,3032,0.190
1825,3485,0.224
1825,3617,0.307
1826,3497,0.208
1827,3243,0.160
1828,2912,0.281
1828,3130,0.159
1829,2983,0.227
1830,3305,0.265
1832,2577,0.294
1835,3108,0.269
1836,2185,0.224
1838,2621,0.226
1838,3229,0.227
1840,3600,0.226
1841,3333,0.201
1842,2959,0.201
1845,3609,0.227
1846,2046,0.208
1847,2793,0.185
1849,2403,0.221
1849,3132,0.198
1850,2403,0.208
1850,3132,0.185
1852,3075,0.191
1853,2655,0.180
1854,3073,0.213
1855,3130,0.224
1857,2004,0.199
1858,2466,0.157
1859,2802,0.213
1859,3016,0.246
1859,3167,0.288
1859,3373,0.207
1860,2442,0.221
1861,3341,0.332
1862,2948,0.268
1862,3568,0.219
1863,3202,0.224
1865,2633,0.271
1867,2672,0.930
1867,2728,0.219
1868,2255,0.227
1869,2176,0.167
1870,2071,0.210
1872,2601,0.191
1872,2775,0.227
1873,3585,0.279
1880,2350,0.224
1881,2313,0.423
1882,3449,0.191
1884,2558,0.191
1886,3381,0.227
1887,3444,0.224
1888,2921,0.196
1890,2568,0.228
1891,3070,0.624
1892,2090,0.227
1893,2761,0.219
1893,3039,0.157
1896,1958,0.227
1898,3372,0.227
1900,1910,0.982
1900,2944,0.993
1900,3660,0.706
1901,2188,0.307
1902,2689,0.198
1903,2984,0.219
1904,3288,0.224
1905,2833,0.205
1908,2578,0.205
1909,2308,0.191
1909,2315,0.191
1909,2501,0.215
1909,2682,0.172
1909,2894,0.154
1909,2922,0.191
1909,3188,0.191
1909,3432,0.191
1909,3726,0.191
1910,2944,0.923
1910,3660,0.991
1911,3210,0.205
1911,3424,0.205
1911,3555,0.205
1915,2756,0.227
1916,2082,0.191
1919,2690,0.227
1919,3685,0.227
1921,3449,0.244
1925,3724,0.217
1928,2106,0.328
1928,2389,0.162
1932,2926,0.227
1933,3242,0.205
1936,3017,0.177
1940,2222,0.167
1940,2298,0.157
1940,2720,0.883
1940,2981,0.210
1940,3701,0.218
1941,2515,0.227
1941,3217,0.293
1942,3119,0.227
1943,1986,0.241
1943,2754,0.273
1944,1967,0.999
1944,2231,0.991
1944,2771,0.999
1944,3147,0.999
1946,2278,0.226
1946,3139,0.621
1947,3325,0.191
1948,3479,0.196
1949,3174,0.205
1950,2372,0.221
1952,2032,0.171
1953,2479,0.223
1953,3012,0.199
1954,2046,0.162
1955,3041,0.180
1956,2742,0.227
1959,3348,0.223
1960,3188,0.401
1960,3750,0.996
1961,2050,0.215
1962,3012,0.221
1962,3126,0.210
1963,3135,0.191
1964,2014,0.948
1965,2968,0.191
1967,2740,0.227
1968,2859,0.162
1970,3021,0.224
1971,3256,0.184
1971,3335,0.172
1971,3556,0.152
1972,2958,0.154
1972,3062,0.227
1974,3494,0.301
1975,2394,0.217
1975,2668,0.160
1975,3415,0.971
1976,2025,0.156
1976,3327,0.207
1977,2023,0.227
1979,2106,0.994
1979,2591,0.191
1979,2865,0.191
1980,3164,0.188
1980,3560,0.247
1980,3732,0.224
1981,2370,0.205
1983,2721,0.157
1985,3731,0.227
1988,3724,0.272
1989,2495,0.174
1990,2937,0.191
1990,2967,0.928
1991,3418,0.999
1993,3622,0.227
1995,3679,0.227
1996,3690,0.196
2000,3044,0.533
2001,2846,0.877
2001,3529,0.958
2002,2543,0.345
2005,2754,0.187
2007,2269,0.226
2008,3003,0.167
2010,2928,0.154
2010,3070,0.506
2011,3407,0.210
2012,2502,0.193
2012,3213,0.227
2016,2566,0.199
2017,2704,0.261
2018,3302,0.761
2019,3389,0.219
2020,2789,0.205
2021,3252,0.928
2024,3509,0.208
2025,2867,0.972
2027,2390,0.227
2030,2193,0.778
2030,2601,0.716
2030,3259,0.196
2031,2369,0.179
2031,2558,0.191
2031,2985,0.191
2032,3703,0.160
2033,2752,0.180
2034,2449,0.180
2034,3508,0.227
2036,3106,0.202
2037,2865,0.227
2040,2315,0.210
2041,2503,0.201
2042,2235,0.227
2043,2646,0.180
2045,2365,0.160
2046,2465,0.162
2046,2874,0.241
2046,3415,0.277
2048,2349,0.470
2049,2567,0.182
2049,2969,0.960
2049,3308,0.999
2051,2707,0.990
2051,2997,0.897
2051,3079,0.758
2051,3200,0.919
2051,3451,0.210
2052,3446,0.201
2054,2573,0.224
2055,2369,0.855
2055,2461,0.999
2055,3135,0.182
2055,3256,0.915
2056,2300,0.205
2057,2943,0.227
2060,2131,0.218
2062,2312,0.308
2063,2212,0.208
2063,2680,0.208
2063,3114,0.208
2063,3220,0.208
2064,3169,0.891
2065,3070,0.992
2067,2100,0.187
2067,2147,0.227
2068,2231,0.897
2069,3104,0.221
2069,3336,0.218
2070,3452,0.227
2072,2363,0.180
2074,2209,0.180
2074,3663,0.180
2075,2850,0.205
2075,2866,0.221
2079,3178,0.227
2079,3687,0.988
2080,3130,0.224
2081,3361,0.948
2082,2544,0.870
2082,3733,0.157
2086,3390,0.162
2087,2466,0.188
2088,2505,0.227
2089,2900,0.205
2094,2364,0.227
2095,2586,0.205
2095,3601,0.205
2096,2367,0.210
2096,2483,0.210
2096,3640,0.716
2098,2633,0.160
2102,3205,0.202
2102,3209,0.455
2106,2593,0.208
2108,3050,0.997
2108,3266,0.154
2109,2837,0.218
2110,2633,0.213
2110,3186,0.210
2110,3629,0.188
2111,2226,0.227
2113,2130,0.733
2113,3660,0.997
2115,3465,0.163
2117,3492,0.205
2118,3654,0.193
2120,2628,0.307
2120,2927,0.227
2121,2604,0.224
2121,2973,0.307
2121,3016,0.302
2123,2546,0.913
2126,2756,0.210
2128,2435,0.207
2131,2899,0.162
2131,3431,0.218
2131,3725,0.218
2132,2463,0.226
2134,3036,0.945
2135,3672,0.409
2137,2524,0.210
2137,2918,0.210
2137,3144,0.210
2137,3206,0.210
2138,2373,0.191
2138,2954,0.177
2138,3510,0.177
2141,3269,0.221
2144,2608,0.996
2146,3562,0.998
2149,3168,0.188
2151,2863,0.191
2152,3451,0.157
2153,2201,0.180
2153,2253,0.990
2153,2768,0.996
2153,3043,0.994
2153,3383,0.997
2154,2677,0.151
2156,3233,0.167
2157,2575,0.157
2158,2369,0.775
2160,2197,0.253
2160,2248,0.187
2160,2378,0.563
2161,2432,0.201
2161,2743,0.883
2161,3174,0.294
2161,3605,0.288
2162,3154,0.183
2163,3079,0.218
2164,2403,0.221
2165,2509,0.279
2165,2819,0.156
2165,3449,0.191
2165,3595,0.240
2167,2879,0.207
2168,2462,0.198
2168,2840,0.227
2168,2990,0.185
2169,2187,0.198
2171,2593,0.218
2174,3419,0.227
2175,2636,0.997
2175,3198,0.286
2175,3370,0.197
2176,2488,0.207
2179,3288,0.167
2180,2906,0.188
2181,3011,0.217
2182,2822,0.207
2182,3396,0.185
2183,3367,0.227
2184,3428,0.227
2185,3432,0.215
2185,3654,0.154
2186,2461,0.191
2186,2842,0.180
2186,3049,0.224
2190,2250,0.201
2199,3232,0.227
2200,3723,0.188
2201,3385,0.201
2201,3388,0.201
2202,2746,0.227
2203,3652,0.167
2204,3267,0.217
2206,2469,0.218
2208,2340,0.180
2208,2498,0.188
2209,3644,0.187
2210,3170,0.162
2211,2575,0.171
2214,3490,0.199
2215,2723,0.227
2216,2441,0.221
2218,2855,0.227
2218,3730,0.227
2219,2461,0.995
2219,3480,0.212
2221,3135,0.182
2224,2734,0.215
2224,3568,0.198
2225,3352,0.224
2227,2552,0.183
2228,3461,0.227
2229,3331,0.247
2230,3717,0.219
2231,3147,0.978
2233,2793,0.436
2235,3208,0.180
2236,2456,0.227
2237,2543,0.215
2238,3179,0.162
2239,2251,0.191
2239,3293,0.191
2239,3421,0.191
2240,3349,0.218
2241,2762,0.188
2243,2346,0.205
2244,2874,0.359
2246,2357,0.227
2247,2831,0.191
2250,3071,0.167
2252,2537,0.167
2253,2645,0.199
2253,3278,0.339
2253,3383,0.991
2254,3449,0.395
2255,2970,0.185
2256,3630,0.193
2257,2736,0.999
2257,3289,0.191
2258,2795,0.201
2259,2737,0.226
2260,2403,0.187
2261,2444,0.294
2262,2703,0.783
2262,3023,0.160
2262,3335,0.191
2262,3556,0.171
2263,2482,0.227
2264,2564,0.224
2264,2864,0.224
2265,2545,0.224
2266,2332,0.174
2266,2338,0.226
2267,2678,0.151
2267,3055,0.358
2268,3444,0.224
2269,3618,0.218
2272,2609,0.201
2272,2818,0.201
2272,3596,0.224
2274,2635,0.229
2276,2910,0.167
2280,2536,0.843
2280,3332,0.201
2282,2702,0.226
2284,3233,0.167
2285,3081,0.195
2286,3715,0.183
2287,2811,0.999
2287,3036,0.999
2288,2511,0.420
2288,3134,0.154
2290,2909,0.316
2293,3634,0.185
2294,2327,0.901
2295,3214,0.208
2296,3659,0.210
2298,2976,0.207
2301,3397,0.207
2305,2731,0.160
2306,2766,0.227
2307,3258,0.226
2308,3256,0.191
2310,3416,0.638
2312,2732,0.191
2317,3302,0.151
2318,2449,0.307
2321,3456,0.227
2325,2995,0.281
2326,3722,0.226
2327,3056,0.195
2329,2865,0.191
2330,3121,0.227
2334,3517,0.174
2335,3724,0.214
2337,2708,0.156
2339,2461,0.985
2339,3556,0.191
2343,2890,0.543
2345,3074,0.707
2347,3411,0.227
2349,2410,0.151
2349,2572,0.219
2350,3256,0.177
2352,3519,0.277
2353,2563,0.989
2356,2459,0.301
2356,3268,0.185
2356,3738,0.286
2357,3512,0.227
2358,2543,0.154
2362,3640,0.193
2363,2409,0.224
2363,2699,0.215
2365,2513,0.267
2365,3102,0.195
2365,3743,0.201
2366,2444,0.195
2368,3077,0.215
2369,2548,0.165
2369,2570,0.191
2369,2704,0.165
2369,2906,0.191
2369,3373,0.191
2369,3510,0.999
2369,3715,0.191
2370,3653,0.162
2371,3243,0.263
2371,3366,0.171
2373,3389,0.168
2374,2383,0.167
2375,2905,0.983
2376,3363,0.207
2377,3131,0.227
2379,2892,0.226
2379,3463,0.196
2380,3325,0.226
2381,2957,0.219
2382,3535,0.218
2384,2768,0.999
2384,3043,0.771
2384,3196,0.981
2387,2547,0.156
2387,3070,0.229
2387,3590,0.221
2389,2476,0.266
2389,2509,0.294
2391,3376,0.227
2392,3386,0.218
2396,2686,0.210
2398,2630,0.987
2399,3447,0.219
2400,2686,0.224
2402,2558,0.247
2403,2726,0.187
2403,3452,0.208
2404,2882,0.167
2405,2716,0.998
2406,3170,0.162
2406,3443,0.227
2408,2950,0.212
2410,3064,0.996
2412,3191,0.162
2413,3045,0.213
2414,2542,0.221
2414,2555,0.199
2414,2919,0.199
2414,3201,0.177
2415,3608,0.224
2416,3487,0.208
2421,2704,0.191
2425,3573,0.227
2426,2601,0.191
2426,2772,0.191
2428,3627,0.219
2429,2665,0.167
2430,2788,0.212
2432,2949,0.213
2434,2643,0.174
2435,2600,0.196
2437,2444,0.217
2439,3647,0.902
2440,3217,0.221
2441,3235,0.976
2443,3167,0.218
2444,2925,0.195
2444,2941,0.217
2444,3042,0.160
2445,3186,0.224
2446,2881,0.191
2446,3089,0.213
2447,3735,0.180
2448,3133,0.185
2449,3227,0.215
2455,2874,0.265
2455,3650,0.213
2456,2772,0.168
2456,2812,0.196
2456,2994,0.185
2456,3493,0.162
2457,2870,0.207
2458,2492,0.307
2459,3342,0.269
2459,3500,0.307
2459,3521,0.307
2459,3531,0.301
2459,3533,0.307
2461,2598,0.985
2461,2994,0.736
2461,3023,0.974
2461,3510,0.961
2461,3699,0.983
2463,3657,0.171
2466,3023,0.167
2467,2748,0.180
2468,3606,0.227
2470,3233,0.167
2470,3339,0.167
2472,3404,0.174
2473,2608,0.208
2475,3088,0.180
2477,3314,0.227
2479,3493,0.235
2480,2889,0.213
2484,2504,0.191
2484,3113,0.998
2484,3228,0.973
2484,3368,0.301
2484,3589,0.191
2484,3610,0.339
2490,3593,0.226
2491,3667,0.227
2492,3731,0.201
2493,2958,0.205
2496,2844,0.201
2496,3575,0.185
2497,2601,0.191
2499,2980,0.180
2501,3047,0.193
2504,2705,0.156
2504,3116,0.212
2504,3398,0.156
2506,3515,0.227
2510,3716,0.199
2512,2697,0.208
2512,3680,0.180
2514,3274,0.215
2514,3394,0.171
2517,3275,0.191
2517,3421,0.191
2521,2634,0.176
2521,2954,0.154
2521,3023,0.191
2527,3184,0.202
2527,3231,0.174
2527,3301,0.196
2528,3019,0.205
2528,3330,0.215
2529,3355,0.227
2530,3559,0.208
2532,3451,0.307
2533,2708,0.156
2534,2606,0.191
2535,2889,0.213
2536,3148,0.224
2538,2984,0.198
2539,3300,0.210
2539,3492,0.207
2541,3165,0.218
2541,3300,0.218
2543,2620,0.215
2543,2622,0.195
2544,3255,0.191
2548,2765,0.306
2548,3474,0.738
2551,3236,0.154
2553,3594,0.722
2557,2678,0.224
2558,3665,0.191
2558,3684,0.227
2562,2617,0.760
2562,3731,0.247
2565,2598,0.224
2566,3631,0.898
2567,3023,0.180
2568,2589,0.666
2568,2992,0.151
2568,3034,0.151
2569,3488,0.183
2571,3083,0.227
2574,2832,0.227
2576,2954,0.190
2577,3277,0.221
2579,2907,0.299
2580,3175,0.157
2580,3538,0.227
2580,3709,0.191
2581,2649,0.180
2581,2916,0.221
2582,2985,0.227
2583,3263,0.219
2584,3265,0.171
2585,3180,0.585
2587,2906,0.188
2588,3741,0.174
2592,2929,0.208
2593,3324,0.218
2594,3332,0.224
2595,3080,0.227
2596,3736,0.185
2598,3392,0.224
2601,2865,0.168
2601,3082,0.170
2601,3107,0.215
2601,3256,0.177
2602,2654,0.193
2603,3417,0.227
2607,2688,0.219
2610,3654,0.215
2611,2865,0.191
2612,3514,0.939
2618,3425,0.196
2619,2810,0.201
2619,2816,0.201
2619,2974,0.224
2619,3552,0.224
2623,2952,0.232
2625,2958,0.205
2627,2784,0.271
2628,2729,0.982
2628,2928,0.307
2631,3134,0.170
2633,3565,0.223
2635,3511,0.706
2636,2778,0.986
2636,2933,0.999
2637,2879,0.207
2640,3719,0.920
2645,3269,0.174
2650,2956,0.196
2652,2845,0.185
2653,2929,0.156
2653,3055,0.980
2653,3126,0.999
2653,3670,0.881
2655,3535,0.170
2656,3481,0.219
2661,2874,0.160
2663,3433,0.228
2664,3234,0.227
2666,3085,0.219
2666,3311,0.880
2669,2892,0.208
2673,3499,0.191
2674,3126,0.201
2677,2932,0.151
2678,2710,0.213
2679,3487,0.208
2681,2703,0.198
2682,3082,0.162
2682,3256,0.170
2686,2774,0.224
2688,3017,0.199
2691,2781,0.391
2695,3413,0.201
2703,2882,0.207
2704,2759,0.191
2707,3200,0.726
2708,2867,0.901
2709,2773,0.208
2711,3120,0.227
2712,3311,0.908
2715,3302,0.151
2717,3255,0.191
2719,3668,0.227
2720,3169,0.716
2725,2822,0.205
2727,3416,0.360
2731,2872,0.160
2731,3040,0.160
2731,3208,0.160
2733,3242,0.154
2735,3135,0.172
2737,3211,0.191
2738,2994,0.212
2740,3014,0.894
2741,3313,0.201
2741,3378,0.180
2741,3603,0.266
2742,3493,0.210
2744,3703,0.160
2745,3536,0.205
2746,2868,0.188
2750,3222,0.156
2750,3750,0.307
2755,3330,0.180
2757,3451,0.210
2757,3516,0.201
2762,2901,0.224
2762,3248,0.224
2762,3506,0.188
2763,2944,0.689
2763,3660,0.850
2764,3321,0.999
2764,3736,0.911
2767,3070,0.995
2767,3311,0.999
2768,3043,0.999
2768,3196,0.999
2776,3475,0.207
2777,3365,0.307
2785,2899,0.180
2786,3247,0.185
2786,3311,0.477
2786,3556,0.191
2787,3341,0.980
2790,2993,0.227
2792,3474,0.757
2794,3285,0.213
2795,3115,0.223
2796,3583,0.684
2799,3409,0.227
2800,3630,0.154
2802,2903,0.207
2802,3030,0.207
2802,3046,0.219
2803,3031,0.227
2806,2865,0.191
2807,3393,0.199
2808,2958,0.205
2813,3122,0.193
2815,3150,0.196
2815,3294,0.199
2823,2947,0.174
2825,3162,0.180
2830,3268,0.183
2838,2927,0.218
2841,2847,0.226
2843,2865,0.191
2844,3562,0.983
2856,3068,0.210
2857,3273,0.995
2859,2948,0.181
2860,3021,0.224
2863,3175,0.157
2867,3738,0.260
2869,3751,0.196
2871,3150,0.988
2874,3352,0.274
2874,3567,0.217
2875,3708,0.201
2876,3426,0.180
2878,3070,0.305
2878,3474,0.213
2879,3244,0.207
2879,3289,0.207
2879,3641,0.207
2883,3341,0.515
2885,3180,0.955
2885,3620,0.955
2887,3216,0.213
2889,2923,0.226
2890,2998,0.219
2890,3742,0.198
2894,3135,0.182
2895,3587,0.188
2896,3407,0.598
2897,3375,0.331
2899,3086,0.215
2900,2949,0.152
2904,2996,0.226
2906,2940,0.157
2909,3033,0.180
2911,3654,0.193
2913,3341,0.307
2916,3341,0.197
2917,3671,0.224
2924,3444,0.201
2929,3116,0.976
2931,3000,0.227
2932,3212,0.213
2932,3327,0.307
2934,3170,0.160
2935,3032,0.262
2936,3440,0.193
2939,3601,0.185
2944,3093,0.715
2944,3660,0.981
2948,3645,0.199
2952,3083,0.213
2955,3538,0.193
2958,3057,0.205
2959,3173,0.167
2964,3418,0.193
2964,3503,0.227
2966,3058,0.187
2973,3016,0.259
2984,3157,0.219
2984,3354,0.219
2985,3373,0.191
2985,3525,0.191
2988,3647,0.915
2991,3204,0.188
2994,3023,0.274
2994,3256,0.389
2994,3556,0.182
2999,3467,0.227
3003,3124,0.167
3007,3238,0.227
3011,3362,0.195
3013,3501,0.208
3017,3402,0.177
3019,3171,0.307
3019,3315,0.215
3019,3713,0.193
3020,3027,0.191
3020,3317,0.205
3020,3579,0.297
3025,3493,0.243
3027,3737,0.989
3029,3738,0.201
3032,3483,0.196
3032,3617,0.210
3036,3566,0.227
3037,3042,0.193
3039,3179,0.303
3043,3196,0.987
3043,3261,0.967
3048,3493,0.156
3050,3081,0.160
3052,3070,0.157
3054,3194,0.227
3061,3711,0.217
3063,3638,0.596
3067,3582,0.227
3069,3139,0.992
3070,3178,0.323
3070,3353,0.157
3079,3243,0.283
3081,3156,0.195
3091,3192,0.151
3093,3660,0.725
3100,3675,0.227
3101,3589,0.224
3104,3349,0.205
3105,3325,0.191
3108,3134,0.262
3111,3157,0.227
3112,3599,0.201
3120,3168,0.174
3120,3460,0.227
3122,3395,0.171
3122,3590,0.193
3123,3564,0.219
3124,3221,0.800
3125,3232,0.227
3127,3716,0.177
3134,3217,0.207
3135,3373,0.160
3137,3438,0.191
3138,3481,0.999
3141,3642,0.201
3142,3605,0.201
3143,3734,0.199
3149,3613,0.227
3158,3263,0.855
3160,3268,0.205
3161,3440,0.201
3166,3559,0.208
3167,3323,0.288
3170,3230,0.294
3171,3243,0.191
3171,3364,0.201
3172,3358,0.224
3172,3507,0.180
3174,3187,0.307
3177,3569,0.180
3179,3494,0.902
3180,3620,0.955
3182,3183,0.922
3184,3636,0.972
3185,3532,0.180
3190,3383,0.208
3193,3563,0.218
3193,3643,0.210
3195,3594,0.198
3198,3455,0.228
3200,3316,0.601
3207,3444,0.312
3209,3697,0.536
3219,3668,0.201
3222,3574,0.199
3225,3246,0.219
3227,3468,0.193
3237,3346,0.198
3239,3526,0.199
3243,3470,0.208
3255,3275,0.191
3255,3374,0.191
3255,3421,0.191
3256,3510,0.814
3256,3733,0.170
3264,3351,0.351
3267,3423,0.217
3267,3473,0.217
3268,3738,0.301
3278,3499,0.221
3284,3577,0.226
3292,3299,0.231
3292,3691,0.745
3297,3311,0.666
3302,3311,0.826
3307,3311,0.998
3311,3398,0.638
3312,3384,0.227
3312,3746,0.343
3314,3745,0.202
3315,3334,0.227
3324,3331,0.215
3324,3695,0.993
3325,3406,0.191
3325,3418,0.226
3325,3507,0.213
3326,3341,0.823
3335,3436,0.165
3335,3493,0.179
3336,3349,0.201
3343,3719,0.227
3350,3415,0.171
3358,3528,0.188
3360,3444,0.230
3369,3433,0.156
3371,3668,0.224
3375,3557,0.272
3379,3620,0.955
3388,3627,0.219
3389,3510,0.154
3389,3699,0.163
3399,3598,0.227
3410,3453,0.191
3414,3456,0.891
3420,3635,0.177
3423,3599,0.999
3427,3643,0.215
3430,3612,0.221
3434,3740,0.215
3439,3712,0.191
3449,3630,0.191
3478,3592,0.202
3480,3647,0.208
3484,3729,0.218
3489,3602,0.195
3493,3556,0.159
3505,3526,0.199
3511,3721,0.154
3518,3741,0.227
3524,3559,0.307
3585,3648,0.210
3597,3703,0.303
3600,3682,0.226
3600,3689,0.226
3612,3676,0.171
3617,3684,0.193
3642,3655,0.201
3686,3738,0.213
3693,3699,0.404
3696,3727,0.201
3720,3733,0.218
